0.5008993
0.4964768
0.4997484
0.5031751
0.4983271
0.5013185
0.5037188
0.5030228
0.4973980
0.5005085
0.5011897
0.5021852
0.4967626
0.5003361
0.5013293
0.4987091
0.5005030
0.5001031
0.5000231
0.4981751
0.4966856
0.5016124
0.4992930
0.5012706
0.4982276
0.4984666
0.4995290
0.4978240
0.5006851
0.4971062
0.4997806
0.5000365
0.5019154
0.5007117
0.5014213
0.5011054
0.4977976
0.5016226
0.5005856
0.4971114
0.4990557
0.4993747
0.4970663
0.5018556
0.5003461
0.4967509
0.4990214
0.4996309
0.5007564
0.5004645
0.4963936
0.4991361
0.4989101
0.5024176
0.4979021
0.5029191
0.4985795
0.5005132
0.5023278
0.4998690
0.5023778
0.4968004
0.4998117
0.4989859
0.5010779
0.4979029
0.4980768
0.4979208
0.5010910
0.4995521
0.4982166
0.4999645
0.4985184
0.5007078
0.5033210
0.5007187
0.4995163
0.4968108
0.4977300
0.5024836
0.5004619
0.4996972
0.4995559
0.4976158
0.5009435
0.4982260
0.5013384
0.5010167
0.5006210
0.4997353
0.4992184
0.4984349
0.4970708
0.4974176
0.4968494
0.5001854
0.5007408
0.4986317
0.5000291
0.5010778
